7 0.425000 0.707031 0.368359 0.052734
7 0.425000 0.964063 0.365234 0.071875
7 0.424219 0.865625 0.368164 0.051562
7 0.425000 0.546875 0.367969 0.053516
7 0.424219 0.904687 0.367383 0.036719
7 0.426563 0.110156 0.368359 0.036426
7 0.425000 0.587500 0.365820 0.035937
7 0.422656 0.666797 0.369922 0.036719
7 0.424609 0.070557 0.368164 0.052832
7 0.425000 0.788672 0.366016 0.047656
7 0.425391 0.147168 0.369531 0.046680
7 0.425000 0.626953 0.367578 0.052344
7 0.425391 0.510938 0.368164 0.029297
7 0.423047 0.748437 0.367773 0.040234
7 0.424609 0.825781 0.367383 0.037500
3 0.471094 0.249414 0.178906 0.048828
7 0.432812 0.463672 0.378516 0.044531
7 0.450000 0.390039 0.419922 0.037109
7 0.425000 0.031299 0.368945 0.020154
7 0.422656 0.445312 0.366797 0.078125
7 0.422656 0.191211 0.370117 0.040625
3 0.715234 0.390625 0.213281 0.139844
3 0.715625 0.754687 0.207813 0.033203
