3 0.371687 0.099385 0.203516 0.025296
3 0.372110 0.913354 0.202488 0.025520
3 0.370310 0.661947 0.189185 0.017284
8 0.116512 0.587474 0.019253 0.028808
3 0.370673 0.698389 0.192153 0.022435
3 0.369164 0.838713 0.199158 0.018244
8 0.677090 0.006812 0.018069 0.013568
8 0.136408 0.617233 0.019702 0.029369
3 0.370138 0.482836 0.175205 0.021482
3 0.372282 0.786194 0.189868 0.012268
3 0.368405 0.207701 0.197715 0.015050
8 0.087227 0.189743 0.015747 0.025812
3 0.370323 0.444980 0.180083 0.015374
3 0.371862 0.768705 0.190729 0.016723
3 0.370710 0.564705 0.197892 0.010623
3 0.372743 0.749766 0.191078 0.018868
3 0.370957 0.474098 0.181300 0.038056
3 0.369985 0.464034 0.176759 0.018615
3 0.372281 0.721158 0.191417 0.012141
