3 0.373657 0.424526 0.216068 0.024198
3 0.126902 0.669548 0.133332 0.024137
8 0.028365 0.968921 0.015094 0.025474
8 0.637819 0.800150 0.016639 0.025257
8 0.648172 0.829424 0.016046 0.025673
8 0.588770 0.213943 0.016300 0.025419
8 0.038252 0.581582 0.016111 0.025452
8 0.638112 0.034886 0.021370 0.032540
8 0.549349 0.392444 0.015198 0.026175
3 0.371029 0.199051 0.187726 0.013892
3 0.368318 0.087628 0.188968 0.012498
8 0.500301 0.769882 0.015709 0.024553
3 0.371014 0.176952 0.186410 0.017872
3 0.371366 0.163175 0.185956 0.014133
