7 0.425391 0.760156 0.367969 0.053125
7 0.425781 0.839063 0.369141 0.052344
7 0.425781 0.915625 0.368750 0.044531
7 0.423828 0.208789 0.370117 0.046777
7 0.425781 0.283203 0.369922 0.051953
7 0.425781 0.601172 0.369922 0.052344
7 0.424219 0.660156 0.368945 0.076172
7 0.425781 0.323047 0.368750 0.036328
7 0.426172 0.223633 0.369531 0.076465
7 0.425391 0.724609 0.367969 0.027344
3 0.712891 0.665234 0.211719 0.060156
7 0.421484 0.366406 0.360156 0.043945
7 0.424609 0.800000 0.368750 0.036719
7 0.401953 0.163281 0.317969 0.036230
7 0.425000 0.883594 0.365625 0.026562
7 0.412500 0.957812 0.340430 0.036719
7 0.415234 0.444141 0.349023 0.057813
7 0.423828 0.243750 0.369727 0.036328
7 0.401953 0.123242 0.319531 0.051221
7 0.425391 0.561719 0.365820 0.020703
7 0.418359 0.985938 0.348438 0.027344
7 0.411719 0.517578 0.337500 0.042969
7 0.399414 0.084033 0.312109 0.035449
7 0.421484 0.011902 0.354687 0.023804
7 0.410547 0.400781 0.338477 0.032422
3 0.471094 0.161914 0.176172 0.032715
3 0.475000 0.514062 0.146484 0.030078
7 0.410547 0.391602 0.339844 0.012891
