3 0.480078 0.236719 0.175977 0.030078
5 0.893750 0.882812 0.026562 0.015625
5 0.205078 0.877344 0.022363 0.014063
5 0.460547 0.939844 0.027344 0.014063
5 0.362305 0.817187 0.022266 0.013281
5 0.893750 0.821875 0.022656 0.013281
5 0.126367 0.812500 0.021777 0.013281
5 0.520312 0.750781 0.030469 0.015234
5 0.833594 0.666016 0.029687 0.012500
5 0.166602 0.685547 0.020996 0.012500
5 0.205469 0.622656 0.021289 0.014063
5 0.833594 0.793750 0.028125 0.012891
5 0.854688 0.812500 0.025781 0.013281
5 0.834375 0.920312 0.030469 0.012500
