7 0.425781 0.772656 0.370703 0.051953
7 0.425781 0.292383 0.369922 0.044141
7 0.425781 0.732812 0.367773 0.036719
7 0.425391 0.371875 0.368555 0.044727
7 0.426172 0.256641 0.367969 0.036133
7 0.425391 0.337109 0.366602 0.035742
7 0.425000 0.697656 0.369922 0.044922
7 0.423828 0.417187 0.364063 0.037891
7 0.421875 0.614062 0.373047 0.054297
7 0.426172 0.137695 0.371289 0.052051
7 0.423047 0.655469 0.372070 0.039062
7 0.420312 0.935937 0.357812 0.044531
3 0.472266 0.073535 0.158008 0.027246
7 0.432812 0.817187 0.377734 0.028906
3 0.475781 0.887500 0.152344 0.028125
3 0.714063 0.981055 0.206250 0.037891
7 0.426563 0.216602 0.371875 0.035547
7 0.394922 0.533984 0.304492 0.051562
7 0.412500 0.454688 0.338867 0.035156
3 0.715625 0.180371 0.223438 0.064258
7 0.423828 0.851562 0.369531 0.055469
7 0.425391 0.892188 0.364648 0.036719
3 0.470313 0.568750 0.175977 0.027734
7 0.425391 0.973437 0.365625 0.037500
7 0.426172 0.992188 0.366406 0.014844
7 0.442969 0.013818 0.396680 0.027637
7 0.355273 0.217188 0.221484 0.034180
7 0.412109 0.499219 0.338281 0.026562
7 0.427344 0.176855 0.370703 0.037305
