3 0.371123 0.740781 0.197530 0.028397
8 0.077557 0.564727 0.017160 0.026973
8 0.146170 0.316216 0.016896 0.026369
3 0.371885 0.060033 0.205769 0.013504
3 0.371445 0.163093 0.204377 0.016483
3 0.369084 0.003984 0.196149 0.007892
8 0.126721 0.624746 0.017837 0.027035
8 0.067127 0.594578 0.015318 0.026578
3 0.372063 0.039889 0.203808 0.014782
3 0.379507 0.994620 0.225203 0.010761
3 0.371062 0.272140 0.177490 0.010728
8 0.057715 0.287225 0.015337 0.027199
3 0.369601 0.640772 0.177696 0.012586
3 0.371462 0.095412 0.197779 0.013506
3 0.371230 0.717455 0.195485 0.014167
