3 0.370464 0.976410 0.210780 0.018505
3 0.371036 0.249468 0.208879 0.024329
8 0.136180 0.201217 0.016614 0.027326
3 0.369894 0.571406 0.195309 0.015401
8 0.077951 0.975513 0.020676 0.032157
3 0.369579 0.533419 0.198661 0.017181
8 0.097221 0.380417 0.015869 0.027851
8 0.146053 0.538704 0.016762 0.028169
8 0.057342 0.994520 0.023671 0.010749
3 0.373642 0.390886 0.196368 0.026113
8 0.067892 0.008080 0.017505 0.016096
3 0.371582 0.145168 0.195503 0.011981
3 0.370113 0.508997 0.199525 0.012919
3 0.370490 0.295123 0.203630 0.017995
3 0.371860 0.490174 0.195146 0.025209
