3 0.373534 0.946176 0.214758 0.025019
8 0.136202 0.238029 0.017104 0.026492
8 0.028229 0.267836 0.016280 0.026842
8 0.116647 0.208428 0.016584 0.026435
8 0.146099 0.764132 0.016347 0.026794
8 0.107079 0.327196 0.016701 0.026307
8 0.067729 0.654483 0.015570 0.025329
8 0.087169 0.178079 0.015160 0.025455
8 0.126614 0.297443 0.015917 0.025424
8 0.165914 0.793709 0.017706 0.027120
3 0.373155 0.132802 0.212421 0.023994
3 0.366806 0.670863 0.184034 0.010305
8 0.175760 0.932787 0.021104 0.030130
3 0.376746 0.814641 0.181058 0.013655
