3 0.370943 0.514558 0.199435 0.032253
3 0.374647 0.744698 0.219354 0.023961
8 0.106997 0.299801 0.022064 0.034493
8 0.529774 0.089656 0.016580 0.025724
8 0.047898 0.119386 0.022833 0.033723
8 0.126642 0.149771 0.023305 0.034160
8 0.549353 0.666297 0.015746 0.026904
8 0.126622 0.834667 0.017825 0.026577
8 0.047935 0.477484 0.019188 0.031635
3 0.371177 0.217737 0.193824 0.016953
3 0.369681 0.132459 0.193279 0.012319
8 0.038248 0.863994 0.019494 0.028084
8 0.500469 0.059951 0.017083 0.026014
3 0.372116 0.202148 0.193059 0.017168
3 0.372470 0.189481 0.192199 0.012601
3 0.372611 0.612698 0.185008 0.017544
