3 0.372452 0.485863 0.206890 0.027666
3 0.350045 0.286633 0.169111 0.023780
8 0.195136 0.759372 0.022015 0.034529
8 0.028049 0.211741 0.015862 0.026049
8 0.067686 0.947318 0.022729 0.032408
3 0.373023 0.586375 0.199759 0.026603
8 0.116652 0.580236 0.019123 0.029303
8 0.097132 0.014194 0.016761 0.027310
3 0.372696 0.920688 0.187308 0.018229
3 0.372264 0.633339 0.195750 0.014163
8 0.087196 0.391370 0.018880 0.029544
3 0.371501 0.026619 0.195192 0.012542
3 0.371714 0.757316 0.189924 0.017482
3 0.373517 0.607270 0.198142 0.026093
3 0.371167 0.012487 0.196682 0.024782
3 0.373857 0.537617 0.204699 0.041950
