7 0.425391 0.265430 0.367969 0.043359
7 0.425000 0.675000 0.369336 0.066797
7 0.425391 0.230078 0.366406 0.035352
7 0.425781 0.348828 0.367578 0.052539
7 0.425781 0.389258 0.367969 0.036328
7 0.424219 0.186816 0.364258 0.042773
7 0.425000 0.448437 0.368359 0.076953
7 0.425000 0.028174 0.368359 0.045605
7 0.421484 0.786328 0.359180 0.036719
7 0.425000 0.314453 0.365625 0.028711
7 0.425391 0.071387 0.368164 0.036865
3 0.470703 0.142187 0.150781 0.027637
7 0.424219 0.628125 0.368750 0.037109
7 0.426563 0.826562 0.370508 0.050781
7 0.397656 0.964844 0.312695 0.070312
3 0.714063 0.255469 0.203125 0.061133
7 0.417187 0.746484 0.349805 0.052344
7 0.403516 0.588281 0.321094 0.051562
3 0.474219 0.956250 0.155859 0.028125
7 0.425391 0.508594 0.367969 0.052734
7 0.424219 0.871094 0.371484 0.029687
7 0.399805 0.904687 0.316797 0.050000
3 0.476562 0.547656 0.179688 0.028125
7 0.426953 0.006982 0.366211 0.013794
7 0.424219 0.466406 0.366797 0.040625
7 0.403125 0.126367 0.323047 0.066992
7 0.430469 0.333984 0.357227 0.067969
