7 0.423828 0.111328 0.368945 0.053125
7 0.423828 0.029932 0.369336 0.058301
7 0.426563 0.667969 0.369922 0.052734
7 0.425781 0.270313 0.367969 0.052930
7 0.423438 0.195117 0.370898 0.045605
7 0.427344 0.389648 0.370508 0.037109
7 0.422656 0.230664 0.370898 0.035937
7 0.426563 0.628125 0.369922 0.035547
7 0.425781 0.151562 0.369141 0.037012
7 0.425000 0.337695 0.368359 0.075000
7 0.427344 0.591406 0.371484 0.042969
7 0.426563 0.707031 0.369922 0.035547
7 0.425000 0.946875 0.369141 0.040625
7 0.424219 0.900781 0.369727 0.045312
3 0.468359 0.494531 0.172461 0.025781
7 0.425781 0.748047 0.368750 0.039844
7 0.422656 0.544141 0.370703 0.027344
7 0.351172 0.751563 0.214844 0.041797
3 0.717187 0.455859 0.226953 0.063281
7 0.426172 0.076514 0.367969 0.028223
7 0.425000 0.979492 0.367969 0.041016
7 0.351953 0.787500 0.216406 0.034375
7 0.423438 0.785156 0.370703 0.039062
7 0.432031 0.867188 0.377344 0.036719
7 0.358203 0.076074 0.225977 0.027441
7 0.355469 0.591406 0.221289 0.042188
7 0.407031 0.831250 0.329688 0.046094
7 0.425781 0.009943 0.366797 0.019714
7 0.351562 0.946094 0.214062 0.035937
