3 0.373538 0.104402 0.198988 0.027938
8 0.107118 0.504341 0.022116 0.034371
8 0.145954 0.145580 0.022204 0.032134
3 0.371041 0.012751 0.192251 0.024751
3 0.371420 0.049527 0.198141 0.038013
8 0.097199 0.881492 0.021028 0.032233
3 0.373350 0.057770 0.202013 0.021619
8 0.500284 0.175755 0.017750 0.027194
3 0.371518 0.238961 0.203184 0.015129
8 0.500438 0.473715 0.017136 0.025809
3 0.370746 0.372542 0.204394 0.025241
8 0.510078 0.563481 0.017988 0.028524
8 0.077567 0.533311 0.022454 0.032823
3 0.373781 0.131963 0.197558 0.014319
8 0.077599 0.703045 0.021169 0.033060
3 0.373281 0.041360 0.199221 0.021235
