7 0.425000 0.500781 0.367969 0.074609
7 0.425000 0.684375 0.366016 0.044531
7 0.425391 0.760156 0.366992 0.052344
7 0.426563 0.123535 0.369141 0.051758
7 0.423828 0.719531 0.368945 0.036328
7 0.425000 0.600000 0.367578 0.053516
7 0.425000 0.560937 0.365625 0.035547
7 0.424219 0.164258 0.364453 0.036328
7 0.424609 0.036670 0.369531 0.066211
7 0.424609 0.957812 0.364844 0.035937
7 0.425000 0.922656 0.366992 0.043750
7 0.424609 0.640625 0.366211 0.035547
7 0.423047 0.878906 0.370508 0.035937
7 0.426563 0.088281 0.368164 0.027344
7 0.424219 0.366406 0.364258 0.042383
7 0.425000 0.800000 0.367969 0.035937
3 0.717187 0.422656 0.229297 0.061328
7 0.425000 0.851562 0.367578 0.064062
3 0.475000 0.307617 0.157422 0.027344
7 0.423438 0.424609 0.368555 0.088086
7 0.424219 0.984375 0.361328 0.031250
5 0.125781 0.822656 0.028223 0.014063
5 0.204883 0.969531 0.020605 0.012500
3 0.469531 0.223438 0.179688 0.026953
7 0.423047 0.011694 0.368750 0.023389
7 0.425000 0.020142 0.367383 0.040283
7 0.423828 0.207031 0.364063 0.059180
7 0.358008 0.088281 0.225391 0.026904
