7 0.425391 0.654297 0.368750 0.053125
7 0.425781 0.812500 0.368750 0.052734
7 0.424219 0.735547 0.367578 0.048438
7 0.423438 0.296094 0.369922 0.037891
7 0.423828 0.614062 0.367773 0.037109
7 0.424609 0.535156 0.367969 0.037500
7 0.424219 0.335742 0.366797 0.051562
7 0.425391 0.578125 0.367383 0.042578
7 0.425391 0.900781 0.366602 0.070312
7 0.425781 0.246875 0.367578 0.057617
7 0.425000 0.773438 0.366992 0.036328
7 0.425000 0.693750 0.368555 0.035547
7 0.425000 0.857031 0.367188 0.028125
7 0.421094 0.419141 0.360156 0.045117
7 0.421094 0.479687 0.373828 0.084766
3 0.720313 0.491406 0.229687 0.061328
3 0.473438 0.202148 0.181836 0.026172
3 0.477734 0.376563 0.152344 0.028906
7 0.430859 0.455078 0.375195 0.035937
7 0.416797 0.973242 0.350781 0.053516
3 0.471094 0.992188 0.218750 0.014844
7 0.422656 0.234766 0.353320 0.079883
7 0.398633 0.376367 0.313672 0.033984
7 0.352148 0.927344 0.215234 0.029687
7 0.423438 0.890625 0.367578 0.048438
7 0.318359 0.926562 0.149805 0.028125
