7 0.425781 0.375000 0.370312 0.052930
7 0.426563 0.335547 0.369141 0.035742
7 0.414062 0.459375 0.345313 0.044141
7 0.435547 0.733203 0.385156 0.035937
7 0.422656 0.415234 0.369922 0.036523
7 0.425781 0.928125 0.368555 0.044531
7 0.425000 0.769531 0.369727 0.048438
7 0.425391 0.896875 0.369531 0.027344
7 0.426563 0.295703 0.368359 0.052930
7 0.425391 0.853125 0.368164 0.055469
3 0.470313 0.142090 0.183203 0.241602
7 0.404687 0.971875 0.324609 0.035937
7 0.427344 0.814063 0.368555 0.032031
3 0.719141 0.785937 0.230469 0.065625
7 0.401953 0.494531 0.318164 0.035937
5 0.125684 0.289453 0.026562 0.013281
7 0.363281 0.896094 0.238867 0.026562
