7 0.425000 0.114941 0.366016 0.043945
7 0.424609 0.185938 0.364844 0.044043
7 0.426172 0.360156 0.368750 0.074609
7 0.425000 0.893750 0.367188 0.075000
7 0.424609 0.945312 0.365625 0.035937
7 0.424609 0.230078 0.364844 0.036133
7 0.425000 0.269141 0.366992 0.052734
7 0.424219 0.664062 0.369531 0.044922
7 0.423828 0.311719 0.368555 0.030664
7 0.425781 0.978906 0.366016 0.042188
3 0.717969 0.864844 0.229687 0.060937
7 0.422656 0.785937 0.372266 0.037500
7 0.423438 0.047412 0.366016 0.085840
7 0.425391 0.151172 0.367969 0.037207
3 0.717578 0.047705 0.225781 0.061816
7 0.425781 0.826562 0.368359 0.036719
3 0.475391 0.749609 0.152148 0.029687
7 0.416406 0.707031 0.350000 0.037109
7 0.422266 0.548047 0.365625 0.036719
3 0.470313 0.610156 0.170703 0.027734
7 0.422656 0.842187 0.370508 0.068750
7 0.405078 0.508594 0.322852 0.051953
7 0.400781 0.744531 0.317578 0.046484
