3 0.371446 0.338201 0.203715 0.033016
8 0.136321 0.227808 0.016298 0.026593
8 0.027868 0.664724 0.016464 0.026118
3 0.373421 0.788242 0.194411 0.020240
8 0.598556 0.258205 0.018306 0.029583
8 0.067649 0.316569 0.016067 0.025093
3 0.371897 0.740590 0.205026 0.021716
3 0.376511 0.846099 0.184954 0.016912
3 0.370430 0.132025 0.209179 0.013523
3 0.369397 0.455616 0.196330 0.013408
8 0.048005 0.694933 0.015368 0.028356
8 0.037278 0.725533 0.015077 0.028453
3 0.371257 0.743733 0.200747 0.015504
3 0.374805 0.867236 0.190280 0.012700
3 0.376354 0.832145 0.184551 0.017163
3 0.373099 0.877366 0.191797 0.012005
3 0.373276 0.643527 0.180191 0.011554
