3 0.227734 0.524219 0.200391 0.030078
3 0.734375 0.820312 0.126172 0.015625
3 0.604688 0.253516 0.224609 0.023047
3 0.443750 0.069824 0.106250 0.024414
3 0.682031 0.086523 0.062891 0.022021
3 0.443750 0.884375 0.099609 0.024219
4 0.873437 0.498437 0.067969 0.996875
4 0.125586 0.515625 0.031543 0.965625
3 0.171289 0.864844 0.071484 0.021875
3 0.316602 0.976562 0.061719 0.021875
3 0.246094 0.030664 0.058594 0.021277
3 0.820312 0.197949 0.063281 0.022852
3 0.464062 0.964063 0.133789 0.071094
4 0.366797 0.496094 0.041211 0.985938
3 0.668359 0.364844 0.076563 0.022852
3 0.469531 0.176270 0.121875 0.051367
3 0.361719 0.780469 0.062305 0.021875
