8 0.087222 0.490084 0.023640 0.033007
8 0.185295 0.370823 0.023000 0.033704
8 0.156076 0.519801 0.022119 0.032840
8 0.126585 0.401028 0.024939 0.034204
3 0.372384 0.051085 0.194071 0.032216
8 0.765894 0.430185 0.023859 0.033547
8 0.057566 0.033277 0.023385 0.034003
3 0.371255 0.292204 0.186076 0.011872
8 0.126726 0.312076 0.024450 0.034433
3 0.370843 0.148035 0.191248 0.025430
8 0.067828 0.460564 0.022900 0.033753
3 0.372539 0.021529 0.193873 0.014154
3 0.369917 0.372850 0.198451 0.023857
3 0.370518 0.130260 0.192494 0.014983
3 0.372838 0.567056 0.183446 0.012172
8 0.087306 0.010249 0.023905 0.020449
3 0.371801 0.386918 0.196650 0.016352
8 0.165939 0.887698 0.018296 0.027748
8 0.097150 0.688970 0.017658 0.028400
3 0.374396 0.605149 0.177741 0.010766
3 0.370207 0.094319 0.195589 0.017321
3 0.372535 0.105192 0.194432 0.016475
8 0.756133 0.341757 0.021000 0.032836
3 0.369992 0.856900 0.205296 0.090161
3 0.372165 0.810181 0.199181 0.020107
3 0.371772 0.755788 0.203734 0.041310
3 0.372928 0.585244 0.182137 0.017072
3 0.370195 0.592676 0.180079 0.033588
3 0.373068 0.793485 0.196876 0.020478
