7 0.425781 0.825000 0.369531 0.053906
7 0.426172 0.432031 0.369336 0.043750
7 0.425391 0.890625 0.367969 0.067969
7 0.425781 0.785156 0.367578 0.035547
7 0.424219 0.348438 0.369922 0.052734
7 0.426172 0.388281 0.369531 0.036719
7 0.426172 0.307422 0.369727 0.038086
7 0.423828 0.193652 0.370117 0.046289
7 0.425391 0.108105 0.367188 0.047998
7 0.425000 0.070557 0.367578 0.036426
7 0.425000 0.251563 0.367969 0.079492
7 0.425781 0.979492 0.367578 0.041016
7 0.424609 0.027539 0.367969 0.046069
7 0.425000 0.151562 0.367578 0.038379
7 0.423438 0.939063 0.370312 0.033594
7 0.424219 0.467969 0.367969 0.038672
7 0.424219 0.507812 0.365820 0.052734
3 0.474609 0.573047 0.155469 0.027344
7 0.426563 0.747656 0.367578 0.050000
7 0.394141 0.590625 0.302539 0.042578
7 0.424609 0.494531 0.367969 0.079687
3 0.719531 0.658594 0.229687 0.065234
3 0.468750 0.698828 0.176172 0.027344
5 0.125781 0.074023 0.027637 0.013330
7 0.425391 0.007935 0.366406 0.015015
5 0.205469 0.039551 0.019727 0.012988
7 0.422656 0.728125 0.358984 0.088672
