3 0.375480 0.066526 0.219703 0.023713
3 0.379527 0.880010 0.211780 0.025119
8 0.107228 0.704540 0.022363 0.030901
8 0.156173 0.208782 0.017573 0.027998
8 0.126631 0.178564 0.017637 0.026494
8 0.087213 0.733973 0.023061 0.031373
3 0.374736 0.803696 0.188829 0.019302
8 0.077402 0.337230 0.016812 0.027681
8 0.048087 0.516444 0.021270 0.033555
3 0.375612 0.849502 0.194383 0.020176
3 0.370042 0.571807 0.199778 0.012232
3 0.369669 0.498245 0.191492 0.011712
8 0.126513 0.893742 0.018233 0.030257
3 0.370174 0.626252 0.192702 0.012577
