7 0.425781 0.636719 0.368750 0.044531
7 0.424609 0.322656 0.371875 0.051758
7 0.426172 0.966406 0.369531 0.067187
7 0.424219 0.565625 0.365820 0.044141
7 0.425781 0.680859 0.367383 0.035937
7 0.424609 0.045020 0.366406 0.034863
7 0.425781 0.482031 0.369141 0.053125
7 0.428516 0.084961 0.371094 0.036328
7 0.426563 0.601562 0.368359 0.036719
7 0.427344 0.282813 0.371875 0.037891
7 0.422266 0.883594 0.361719 0.042188
7 0.425781 0.442578 0.368750 0.036719
7 0.425000 0.723437 0.369141 0.056641
7 0.424219 0.912500 0.372266 0.033594
7 0.425391 0.149609 0.369727 0.088770
7 0.425000 0.012024 0.362891 0.024048
3 0.716406 0.320312 0.222266 0.066406
7 0.425781 0.406250 0.369141 0.043359
7 0.417969 0.525000 0.354297 0.033203
7 0.425781 0.363672 0.370508 0.037109
3 0.473438 0.211719 0.154297 0.029102
7 0.407031 0.839063 0.327930 0.036719
7 0.425000 0.787500 0.369922 0.087500
7 0.409375 0.799609 0.332422 0.052344
3 0.473438 0.525781 0.166797 0.028125
7 0.426563 0.235937 0.371094 0.068945
5 0.125781 0.192773 0.026270 0.013086
7 0.356641 0.442188 0.224219 0.035547
7 0.351367 0.124805 0.214453 0.034961
