7 0.421875 0.084619 0.371484 0.053027
7 0.426172 0.163574 0.368750 0.052930
7 0.426953 0.040137 0.371094 0.044727
7 0.425781 0.242969 0.369141 0.053125
7 0.426563 0.124121 0.369922 0.036719
3 0.718359 0.719531 0.225781 0.061719
7 0.426563 0.881250 0.369922 0.042969
7 0.421875 0.207227 0.370117 0.027246
7 0.366797 0.207227 0.246680 0.026562
7 0.423047 0.562109 0.369336 0.051562
7 0.424219 0.322266 0.369141 0.113867
7 0.427344 0.030762 0.368750 0.061523
7 0.419922 0.482031 0.355664 0.051172
7 0.425000 0.521875 0.369141 0.037109
7 0.424219 0.018103 0.368945 0.036206
7 0.433594 0.839063 0.379688 0.035937
3 0.471484 0.653125 0.176563 0.028125
7 0.426563 0.918750 0.370703 0.035937
7 0.351172 0.754297 0.214844 0.028125
7 0.396680 0.362500 0.306641 0.034375
7 0.425000 0.800781 0.366797 0.057422
7 0.427344 0.934375 0.372266 0.066406
7 0.419531 0.445703 0.352148 0.028906
3 0.471875 0.611719 0.155078 0.030078
7 0.425000 0.836719 0.368945 0.021875
7 0.429297 0.283008 0.372070 0.035547
