3 0.478125 0.214844 0.177734 0.029102
5 0.205078 0.943750 0.021680 0.013281
5 0.362500 0.878906 0.023242 0.014063
5 0.126660 0.805469 0.021289 0.013672
5 0.519531 0.817187 0.030078 0.014844
5 0.893750 0.950000 0.028906 0.014844
5 0.893750 0.815625 0.021094 0.013281
5 0.834375 0.735938 0.031250 0.013672
5 0.126562 0.996094 0.023926 0.007812
5 0.165820 0.753125 0.019824 0.012109
5 0.126758 0.873437 0.021777 0.012500
5 0.480469 0.625391 0.023438 0.014063
5 0.834375 0.862500 0.031250 0.013281
5 0.205078 0.690234 0.020215 0.014063
5 0.361719 0.810937 0.021094 0.013281
5 0.519922 0.563281 0.025000 0.015625
5 0.834375 0.608203 0.029687 0.013281
5 0.893750 0.884375 0.021094 0.011719
5 0.854688 0.879687 0.024219 0.012500
5 0.834375 0.992188 0.028906 0.013281
