7 0.423828 0.865625 0.368555 0.052344
7 0.425000 0.230469 0.366016 0.052930
7 0.425391 0.313867 0.366602 0.044531
7 0.424219 0.782031 0.368359 0.044922
7 0.426563 0.110156 0.366602 0.036426
7 0.425000 0.706250 0.367188 0.051562
7 0.427344 0.508594 0.373047 0.036328
7 0.425391 0.070703 0.367188 0.053027
7 0.425391 0.627344 0.369727 0.053516
7 0.425781 0.671094 0.367188 0.028125
7 0.425781 0.269531 0.367578 0.035937
7 0.423828 0.742969 0.368945 0.028516
7 0.425391 0.390625 0.368555 0.054688
7 0.425781 0.826562 0.367969 0.036719
7 0.425000 0.350000 0.367773 0.036914
7 0.425000 0.146875 0.367188 0.044824
7 0.425391 0.551562 0.369336 0.046094
7 0.423438 0.031030 0.363672 0.036035
7 0.423828 0.910156 0.363477 0.026562
3 0.473047 0.446094 0.155664 0.028516
7 0.425000 0.588281 0.369922 0.037109
7 0.424219 0.009174 0.360938 0.018079
3 0.472656 0.977344 0.184180 0.026562
3 0.717187 0.553516 0.228125 0.064062
7 0.422656 0.950000 0.365234 0.062500
3 0.474609 0.183203 0.171289 0.028418
7 0.415625 0.188867 0.343359 0.037500
7 0.423828 0.559375 0.370898 0.069922
