3 0.371937 0.529015 0.209179 0.031645
3 0.370712 0.220317 0.196351 0.015451
3 0.371413 0.360317 0.201772 0.021450
8 0.027982 0.359950 0.016483 0.025780
3 0.372172 0.332449 0.208526 0.022504
3 0.371569 0.274847 0.196487 0.015911
3 0.370628 0.259493 0.198536 0.019274
8 0.096887 0.697175 0.015055 0.024425
8 0.657401 0.896731 0.016471 0.027300
8 0.038221 0.499752 0.015674 0.027061
3 0.371151 0.867628 0.190362 0.016884
3 0.372520 0.438590 0.199866 0.023163
8 0.126478 0.389006 0.017215 0.025564
3 0.370547 0.397065 0.199587 0.013770
