3 0.370870 0.058355 0.208017 0.020246
3 0.372828 0.627457 0.218328 0.025391
8 0.795162 0.176084 0.016109 0.026199
3 0.373594 0.857793 0.186242 0.017505
3 0.370425 0.009459 0.204362 0.018918
8 0.136485 0.642502 0.021644 0.031062
3 0.372324 0.353174 0.194448 0.013009
3 0.372010 0.328140 0.194336 0.016074
8 0.519953 0.285369 0.018580 0.030351
3 0.370674 0.119486 0.199056 0.012472
8 0.087412 0.831218 0.020084 0.029462
3 0.370052 0.462006 0.197144 0.012222
8 0.047801 0.464207 0.019099 0.030045
3 0.371568 0.255268 0.196174 0.011994
