7 0.425000 0.600000 0.365625 0.085938
7 0.426563 0.133984 0.369922 0.044238
7 0.425781 0.694141 0.369141 0.052344
7 0.426172 0.058252 0.368750 0.051660
7 0.424609 0.769141 0.367969 0.044531
7 0.423828 0.098242 0.370508 0.036523
7 0.430469 0.728906 0.374219 0.029297
7 0.415234 0.539062 0.347656 0.044922
7 0.426172 0.178223 0.368164 0.035742
3 0.471094 0.280469 0.153516 0.028711
3 0.474219 0.504687 0.183984 0.028516
7 0.423828 0.018335 0.368945 0.036670
7 0.426172 0.658594 0.368555 0.027344
7 0.426172 0.829688 0.367969 0.072656
7 0.425781 0.929688 0.368359 0.043750
7 0.405078 0.336328 0.322656 0.036328
3 0.719141 0.394141 0.228906 0.064062
7 0.425391 0.975000 0.370312 0.046875
7 0.405078 0.460156 0.324414 0.043750
7 0.355273 0.658594 0.218359 0.026562
7 0.424219 0.812500 0.367969 0.038281
7 0.424219 0.227930 0.366016 0.072754
7 0.426563 0.845313 0.367969 0.071094
7 0.425391 0.897656 0.367188 0.031250
7 0.386719 0.894531 0.286719 0.032813
7 0.362891 0.177930 0.236133 0.035645
7 0.425781 0.987500 0.369531 0.025000
