3 0.370398 0.271240 0.194849 0.016156
8 0.057612 0.124495 0.022920 0.034288
8 0.185698 0.094308 0.024439 0.034290
8 0.116997 0.848509 0.015938 0.024558
3 0.370788 0.226418 0.204470 0.019135
8 0.087308 0.064364 0.022682 0.032730
8 0.096911 0.481079 0.015475 0.025693
8 0.116928 0.153288 0.021954 0.032231
3 0.371387 0.098272 0.194668 0.020357
3 0.370489 0.376280 0.199072 0.015348
8 0.136254 0.301779 0.021109 0.030060
3 0.373117 0.067026 0.193530 0.013522
3 0.371852 0.124759 0.193422 0.013487
3 0.371309 0.531620 0.213737 0.046553
8 0.510170 0.669736 0.015709 0.026494
3 0.373089 0.030076 0.189599 0.012476
3 0.373482 0.039351 0.190675 0.015340
