7 0.426563 0.653906 0.369922 0.052734
7 0.425391 0.217578 0.366602 0.036035
7 0.423828 0.173242 0.368750 0.044629
7 0.415234 0.614844 0.385352 0.036719
7 0.425781 0.252930 0.367578 0.042578
7 0.425000 0.510938 0.368164 0.084766
7 0.422266 0.416016 0.369336 0.054102
7 0.425000 0.460156 0.369922 0.027344
3 0.469531 0.095605 0.178320 0.027881
3 0.468750 0.873437 0.172266 0.032031
3 0.717578 0.898438 0.219531 0.066406
3 0.467969 0.790625 0.154297 0.028125
3 0.716016 0.085742 0.217969 0.066016
7 0.426563 0.582031 0.369141 0.066797
7 0.423047 0.571094 0.369531 0.043750
3 0.954688 0.096973 0.089063 0.023193
