7 0.425781 0.359375 0.368750 0.044336
7 0.428125 0.521484 0.372070 0.053906
7 0.426172 0.614453 0.369336 0.077344
7 0.426172 0.685156 0.371094 0.043359
7 0.425391 0.280078 0.367969 0.045508
7 0.425781 0.959375 0.367383 0.036719
7 0.426953 0.207617 0.370898 0.041016
7 0.425000 0.323633 0.367188 0.036719
7 0.426172 0.403125 0.369531 0.036328
7 0.425000 0.760547 0.369922 0.053125
7 0.423438 0.241602 0.370703 0.039844
7 0.423828 0.164062 0.369727 0.037012
7 0.424219 0.442578 0.368750 0.035156
7 0.421875 0.561719 0.373633 0.037109
7 0.426563 0.721094 0.370703 0.034766
3 0.475391 0.095996 0.172852 0.025928
3 0.472656 0.892188 0.180078 0.028125
7 0.423047 0.486719 0.370117 0.026953
7 0.413281 0.109766 0.342578 0.082324
7 0.431250 0.640625 0.376563 0.037109
7 0.425781 0.986719 0.365234 0.026562
7 0.425781 0.923438 0.367578 0.046094
3 0.720313 0.829688 0.232813 0.064062
7 0.367578 0.486719 0.247852 0.025391
3 0.476172 0.721875 0.163086 0.029297
3 0.718750 0.024060 0.231250 0.048120
7 0.357422 0.243945 0.227344 0.034375
7 0.366992 0.985938 0.243359 0.027344
7 0.368555 0.207813 0.250391 0.041016
