3 0.371866 0.947879 0.217389 0.027995
3 0.371180 0.615261 0.203129 0.038181
3 0.372191 0.132059 0.219596 0.024883
3 0.372642 0.572911 0.204934 0.026403
3 0.372216 0.732658 0.203119 0.028432
3 0.371242 0.764657 0.201955 0.023053
8 0.185465 0.903218 0.018484 0.027694
8 0.027993 0.357420 0.015656 0.027383
3 0.371210 0.455975 0.196354 0.015869
8 0.244621 0.783845 0.016717 0.027267
3 0.373168 0.360929 0.191795 0.011659
3 0.372196 0.037839 0.207328 0.023647
3 0.370341 0.407625 0.199215 0.022897
8 0.057965 0.753778 0.017816 0.028910
3 0.371692 0.432978 0.197568 0.019765
3 0.373028 0.705397 0.203219 0.017524
3 0.372158 0.695104 0.196707 0.012066
3 0.372380 0.621232 0.206826 0.026104
