7 0.425781 0.658594 0.368359 0.043359
7 0.425781 0.729688 0.369141 0.045312
7 0.425000 0.773438 0.368359 0.035937
7 0.428516 0.812500 0.371094 0.036719
7 0.426563 0.693750 0.368359 0.036328
7 0.419531 0.614453 0.356055 0.036719
7 0.425391 0.876563 0.369727 0.083594
3 0.711719 0.692969 0.206250 0.061719
7 0.426172 0.022363 0.369531 0.044727
7 0.403516 0.138379 0.321680 0.035742
7 0.425781 0.372070 0.367578 0.027734
7 0.421094 0.336719 0.356055 0.035156
3 0.472656 0.584375 0.157617 0.029297
7 0.419531 0.972656 0.356250 0.053125
7 0.400781 0.257031 0.315625 0.051953
7 0.420703 0.062109 0.357227 0.028442
7 0.403906 0.219141 0.320703 0.031055
3 0.477344 0.934375 0.187500 0.028906
7 0.425391 0.432812 0.371094 0.087109
7 0.398828 0.099121 0.313477 0.049463
7 0.426172 0.934375 0.366406 0.031250
3 0.471484 0.139453 0.174219 0.030176
7 0.423047 0.292773 0.367969 0.062109
