7 0.425781 0.570312 0.369531 0.044922
7 0.426563 0.096533 0.370508 0.052637
7 0.422656 0.614062 0.369922 0.035937
7 0.425391 0.851562 0.367969 0.038281
7 0.426563 0.414844 0.369922 0.052344
7 0.423438 0.514062 0.368555 0.076563
7 0.425000 0.375977 0.368945 0.037891
7 0.425781 0.455469 0.369141 0.036719
7 0.423438 0.061426 0.368359 0.027783
7 0.425000 0.649219 0.369141 0.044141
7 0.425000 0.022168 0.368945 0.044336
7 0.425000 0.339844 0.366016 0.041602
7 0.423828 0.817187 0.363281 0.041406
7 0.425781 0.900000 0.366406 0.053125
3 0.714063 0.253125 0.215625 0.110156
3 0.472656 0.169531 0.149219 0.028809
3 0.475391 0.984375 0.161914 0.030469
7 0.425781 0.136914 0.368359 0.036816
7 0.424219 0.921875 0.366211 0.095312
3 0.469141 0.287891 0.171289 0.028711
3 0.714063 0.756641 0.202734 0.100781
7 0.429688 0.533203 0.373437 0.037500
3 0.949805 0.289258 0.100391 0.023438
