7 0.426563 0.398047 0.371484 0.044531
7 0.420312 0.238867 0.355078 0.042969
7 0.425781 0.362891 0.367578 0.035352
3 0.717969 0.155469 0.226172 0.062012
7 0.426953 0.442188 0.371094 0.036719
7 0.402344 0.635938 0.318359 0.042578
7 0.425000 0.322266 0.365234 0.053125
7 0.426172 0.287109 0.368164 0.027930
3 0.471875 0.818750 0.153906 0.028906
7 0.401953 0.684375 0.317969 0.029687
3 0.469922 0.591406 0.177930 0.030469
3 0.734375 0.925000 0.265234 0.067187
7 0.401172 0.720313 0.317969 0.053906
3 0.472656 0.008997 0.155078 0.017993
7 0.429688 0.989844 0.374609 0.020313
7 0.361328 0.362695 0.233594 0.034766
7 0.378711 0.163477 0.269922 0.049805
